%产销平衡
% f=[3,11,3,10,1,9,2,8,7,4,10,5]';
% intcon=[1 2 3 4 5 6 7 8 9 10 11 12];
% A=[];b=[];
% Aeq=[1 1 1 1 0 0 0 0 0 0 0 0;
%     0 0 0 0 1 1 1 1 0 0 0 0;
%     0 0 0 0 0 0 0 0 1 1 1 1;
%     1 0 0 0 1 0 0 0 1 0 0 0;
%     0 1 0 0 0 1 0 0 0 1 0 0;
%     0 0 1 0 0 0 1 0 0 0 1 0;
%     0 0 0 1 0 0 0 1 0 0 0 1;];
% beq=[7;4;9;3;6;5;6];
% lb=[0 0 0 0 0 0 0 0 0 0 0 0];
% [x,yunfei]=intlinprog(f,intcon,A,b,Aeq,beq,lb);
% x=reshape(x,4,3);
% x=x';
%产销不平衡 产大于销
% f=[3 12 3 4 0 11 2 5 9 0 6 7 1 5 0];
% intcon=[1 2 3 4 5 6 7 8 9 10 11 12 13 14 15];
% A=[];b=[];
% Aeq=[1 1 1 1 1 0 0 0 0 0 0 0 0 0 0;
%     0 0 0 0 0 1 1 1 1 1 0 0 0 0 0;
%     0 0 0 0 0 0 0 0 0 0 1 1 1 1 1;
%     1 0 0 0 0 1 0 0 0 0 1 0 0 0 0;
%     0 1 0 0 0 0 1 0 0 0 0 1 0 0 0;
%     0 0 1 0 0 0 0 1 0 0 0 0 1 0 0;
%     0 0 0 1 0 0 0 0 1 0 0 0 0 1 0;
%     0 0 0 0 1 0 0 0 0 1 0 0 0 0 1;];
% beq=[8;5;9;4;3;5;6;4;];
% lb=[0 0 0 0 0 0 0 0 0 0 0 0 0 0 0];
% [x,yunfei]=intlinprog(f,intcon,A,b,Aeq,beq,lb);
% x=reshape(x,5,3);
% x=x';
A=[11 5 3 12 4;
    9 6 8 10 7;
    15 2 13 14 1;];
%打印水仙花数
m=100:999;
m1=rem(m,10);
m2=rem(fix(m/10),10);
m3=fix(m/100);
k=find(m==m1.*m1.*m1+m2.*m2.*m2+m3.*m3.*m3);





